1643329505681 0.758062481880188 0
1643329505942 0.9361249804496765 1
1643329506180 0.9596458077430725 2
1643329506449 0.9686458110809326 3
1643329506679 0.9760833382606506 4
1643329506926 0.9806874990463257 5
1643329507186 0.9837916493415833 6
1643329507417 0.9867500066757202 7
1643329507645 0.987583339214325 8
1643329507914 0.989145815372467 9
1643329508183 0.9911458492279053 10
1643329508414 0.9923750162124634 11
1643329508672 0.9924166798591614 12
1643329508917 0.9925000071525574 13
1643329509148 0.9948541522026062 14
