1643329505681 0.745681643486023 0
1643329505942 0.209967240691185 1
1643329506180 0.13352935016155243 2
1643329506449 0.10271985083818436 3
1643329506679 0.07951019704341888 4
1643329506926 0.06324704736471176 5
1643329507186 0.0525590255856514 6
1643329507417 0.04357609525322914 7
1643329507645 0.038265012204647064 8
1643329507914 0.03374369442462921 9
1643329508183 0.0290632676333189 10
1643329508414 0.02371593751013279 11
1643329508672 0.022646376863121986 12
1643329508917 0.02138609252870083 13
1643329509148 0.015633655712008476 14
