1643329505681 0.06730036437511444 0
1643329505942 0.020139038562774658 1
1643329506180 0.013063573278486729 2
1643329506449 0.010127770714461803 3
1643329506679 0.008246568962931633 4
1643329506926 0.006504697259515524 5
1643329507186 0.005640827585011721 6
1643329507417 0.0046762740239501 7
1643329507645 0.004172982182353735 8
1643329507914 0.003699198365211487 9
1643329508183 0.0032369757536798716 10
1643329508414 0.0027047640178352594 11
1643329508672 0.002572734374552965 12
1643329508917 0.0024804379791021347 13
1643329509148 0.001864818623289466 14
