1643329531293 0.5878124833106995 0
1643329531611 0.9278333187103271 1
1643329531946 0.9550625085830688 2
1643329532283 0.9666041731834412 3
1643329532589 0.9755208492279053 4
1643329532916 0.9800624847412109 5
1643329533219 0.9831041693687439 6
1643329533518 0.9866041541099548 7
1643329533811 0.9897708296775818 8
1643329534100 0.9900000095367432 9
1643329534404 0.9901666641235352 10
1643329534690 0.9913541674613953 11
1643329534991 0.9938958287239075 12
1643329535282 0.9936666488647461 13
1643329535588 0.9939791560173035 14
1643329535870 0.992479145526886 15
1643329536153 0.9932916760444641 16
1643329536453 0.9944999814033508 17
