1643329531293 1.4319396018981934 0
1643329531611 0.24091389775276184 1
1643329531946 0.14588609337806702 2
1643329532283 0.10912476480007172 3
1643329532589 0.07788009196519852 4
1643329532916 0.06162834167480469 5
1643329533219 0.052268415689468384 6
1643329533518 0.042351044714450836 7
1643329533811 0.03224240243434906 8
1643329534100 0.030891800299286842 9
1643329534404 0.028291430324316025 10
1643329534690 0.02541215531527996 11
1643329534991 0.019093414768576622 12
1643329535282 0.018842734396457672 13
1643329535588 0.018150893971323967 14
1643329535870 0.02283337153494358 15
1643329536153 0.019395705312490463 16
1643329536453 0.016517017036676407 17
