1643329531293 0.09879698604345322 0
1643329531611 0.0221476498991251 1
1643329531946 0.013582994230091572 2
1643329532283 0.010403956286609173 3
1643329532589 0.007841561920940876 4
1643329532916 0.006262526847422123 5
1643329533219 0.005458032712340355 6
1643329533518 0.004490756429731846 7
1643329533811 0.003462372347712517 8
1643329534100 0.003324083983898163 9
1643329534404 0.003026080084964633 10
1643329534690 0.0027479699347168207 11
1643329534991 0.002105764811858535 12
1643329535282 0.0020205765031278133 13
1643329535588 0.0018969642696902156 14
1643329535870 0.0021984605118632317 15
1643329536153 0.002005259972065687 16
1643329536453 0.0016957434127107263 17
